801 1
0.014299
0.012312
0.012601
0.011036
0.008171
0.008973
0.008446
0.006303
0.005779
0.005567
0.004541
0.003101
0.002844
0.006234
0.010352
0.009948
0.007603
0.005853
0.007302
0.009873
0.009667
0.009914
0.010998
0.011884
0.012302
0.014477
0.017283
0.016007
0.013927
0.013824
0.013968
0.014324
0.013478
0.011614
0.016530
0.021468
0.023079
0.021811
0.017853
0.016487
0.012850
0.009202
0.008396
0.009997
0.012944
0.014509
0.012087
0.009983
0.010857
0.010534
0.009744
0.008248
0.007728
0.009648
0.010597
0.012228
0.011130
0.009920
0.011057
0.012568
0.013659
0.014335
0.015614
0.014513
0.014644
0.016966
0.017125
0.015868
0.012996
0.011427
0.012191
0.011336
0.011346
0.010263
0.014649
0.024935
0.024766
0.016616
0.012559
0.025947
0.028503
0.020972
0.029208
0.036573
0.028132
0.023192
0.026445
0.020037
0.018468
0.022597
0.020591
0.012145
0.007804
0.016567
0.022379
0.013239
0.016449
0.027918
0.036867
0.042943
0.039181
0.023862
0.009181
0.007285
0.010828
0.012956
0.024137
0.029477
0.018985
0.016875
0.021078
0.018232
0.014502
0.015030
0.016835
0.017749
0.014901
0.014689
0.014168
0.012724
0.014447
0.015289
0.019343
0.022719
0.021262
0.020713
0.022215
0.023070
0.021725
0.023310
0.025045
0.031988
0.045170
0.056913
0.065292
0.081339
0.099512
0.115967
0.129878
0.112860
0.072344
0.047157
0.033871
0.038118
0.059939
0.069677
0.073013
0.066391
0.042360
0.030834
0.168711
0.473157
0.666958
0.808718
0.949796
0.869949
0.496786
0.218298
0.261280
0.322021
0.275805
0.221721
0.178794
0.122541
0.079985
0.056883
0.061184
0.060264
0.060288
0.060696
0.087985
0.092032
0.063127
0.057735
0.072054
0.073618
0.070858
0.097749
0.120086
0.113071
0.086442
0.156427
0.283037
0.272975
0.259615
0.215635
0.178584
0.226700
0.277031
0.526161
0.452309
0.201933
0.283800
0.277522
0.315481
0.329501
0.334921
0.342179
0.270422
0.233691
0.325617
0.364362
0.226706
0.211276
0.414085
0.546773
0.417293
0.291153
0.384390
0.478833
0.461833
0.463373
0.323651
0.187157
0.214584
0.380777
0.399634
0.283267
0.382271
0.439575
0.335871
0.284161
0.316541
0.295936
0.255319
0.232512
0.219537
0.209826
0.181022
0.187150
0.213254
0.300130
0.340916
0.347015
0.317931
0.326704
0.328936
0.241324
0.261608
0.343097
0.375251
0.360431
0.341376
0.369295
0.351456
0.361150
0.337180
0.414757
0.418686
0.333617
0.298604
0.345901
0.344455
0.285924
0.291262
0.312073
0.367535
0.244426
0.222573
0.226785
0.157289
0.170207
0.183019
0.133052
0.165673
0.163193
0.098370
0.137032
0.140134
0.101976
0.104164
0.168268
0.194859
0.175239
0.181866
0.149992
0.159538
0.144632
0.136914
0.133347
0.152089
0.139947
0.123056
0.152270
0.119564
0.090799
0.114699
0.229888
0.221315
0.129345
0.128379
0.156235
0.267390
0.272107
0.153672
0.150965
0.113608
0.134739
0.173904
0.129095
0.125914
0.195722
0.218637
0.158669
0.129188
0.088788
0.052547
0.122916
0.187189
0.136880
0.091826
0.077157
0.047339
0.014952
0.037577
0.062950
0.079122
0.088527
0.093922
0.121568
0.116481
0.059820
0.029464
0.023065
0.016493
0.024451
0.031203
0.027839
0.020318
0.012875
0.007910
0.011490
0.014707
0.010814
0.008416
0.008163
0.009654
0.022938
0.022700
0.009383
0.011134
0.014185
0.010959
0.010290
0.011059
0.012967
0.013923
0.018083
0.124132
0.260196
0.178742
0.076144
0.087597
0.085758
0.072591
0.136902
0.230351
0.240832
0.257247
0.243218
0.162200
0.127634
0.129766
0.146495
0.181094
0.117515
0.071328
0.115268
0.098603
0.083267
0.160814
0.276687
0.369607
0.423967
0.485731
0.526931
0.421330
0.220866
0.115484
0.205180
0.304826
0.374065
0.444515
0.411590
0.379752
0.319848
0.168990
0.128272
0.235792
0.274155
0.355603
0.594807
0.736099
0.496558
0.364082
0.603213
0.753290
0.828167
0.770692
0.628312
0.438663
0.200791
0.194739
0.307082
0.289962
0.190783
0.187170
0.243440
0.227497
0.197734
0.271360
0.293110
0.271342
0.264309
0.181645
0.097612
0.045896
0.026750
0.023705
0.038143
0.061040
0.057509
0.033669
0.038712
0.051541
0.047998
0.045493
0.033000
0.021493
0.016316
0.014750
0.015048
0.010602
0.009713
0.014820
0.013859
0.012399
0.015692
0.014814
0.020931
0.036010
0.039538
0.032729
0.031056
0.031990
0.031422
0.033843
0.044104
0.050758
0.049805
0.045905
0.041345
0.023655
0.015698
0.028362
0.024224
0.015102
0.015590
0.013046
0.011214
0.021702
0.032306
0.036755
0.035343
0.022429
0.019083
0.043880
0.054563
0.040291
0.045820
0.129904
0.190533
0.165090
0.128570
0.080151
0.050885
0.040143
0.033513
0.038235
0.043096
0.063164
0.063412
0.027648
0.010252
0.017561
0.030251
0.035609
0.058766
0.075945
0.066904
0.053426
0.038379
0.022336
0.009839
0.008846
0.009653
0.019659
0.041693
0.045075
0.024167
0.009619
0.009702
0.029604
0.063745
0.092795
0.117614
0.130338
0.117796
0.098234
0.090166
0.073665
0.057027
0.088905
0.104172
0.057895
0.058051
0.083560
0.113346
0.137145
0.091289
0.074516
0.075539
0.049108
0.046959
0.072362
0.083114
0.055599
0.035200
0.030014
0.028012
0.030197
0.029437
0.020704
0.011795
0.005391
0.002530
0.003990
0.006056
0.010940
0.014024
0.009045
0.007057
0.011616
0.012566
0.010670
0.008398
0.007015
0.010694
0.013433
0.018043
0.036830
0.045781
0.028525
0.009414
0.005104
0.007382
0.016670
0.028427
0.033666
0.042940
0.035810
0.015060
0.007631
0.013628
0.024191
0.029194
0.032078
0.034092
0.032035
0.033158
0.029660
0.025261
0.030789
0.041288
0.055870
0.068256
0.058920
0.029979
0.011067
0.013190
0.018784
0.021035
0.031105
0.045452
0.048257
0.043219
0.037338
0.034437
0.059742
0.125748
0.173042
0.125891
0.048587
0.096694
0.348091
0.368559
0.191130
0.172706
0.243808
0.258844
0.269288
0.313001
0.233800
0.127076
0.064246
0.062189
0.055426
0.061734
0.052881
0.046140
0.076325
0.220667
0.312910
0.211648
0.290490
0.301538
0.217543
0.460695
0.822857
0.977279
0.890897
0.887043
0.972659
0.971815
0.948080
0.811317
0.469659
0.161161
0.087996
0.163804
0.255283
0.332354
0.324518
0.441484
0.390436
0.128975
0.083070
0.101127
0.108514
0.135343
0.201862
0.283246
0.383068
0.364763
0.568439
0.737193
0.506756
0.377427
0.350664
0.302627
0.264173
0.231435
0.291189
0.304878
0.169788
0.113208
0.346346
0.770679
0.906889
0.893132
0.963680
0.968735
0.962495
0.963304
0.970484
0.969226
0.958223
0.956041
0.801901
0.677932
0.573707
0.346430
0.250210
0.303837
0.363923
0.293109
0.480147
0.839653
0.805692
0.580628
0.546469
0.438905
0.234778
0.128136
0.059090
0.094391
0.138757
0.430016
0.833372
0.932151
0.901756
0.494560
0.185289
0.237342
0.433180
0.826948
0.958425
0.763941
0.566933
0.494205
0.564335
0.617582
0.554211
0.659340
0.738926
0.634337
0.447855
0.632998
0.903691
0.633897
0.437015
0.420787
0.356607
0.290500
0.181088
0.209857
0.323970
0.211911
0.090617
0.065313
0.130415
0.264525
0.249389
0.248955
0.267355
0.170845
0.077841
0.065690
0.066468
0.039864
0.063119
0.113858
0.223916
0.236544
0.084694
0.021856
0.039311
0.078031
0.161512
0.258548
0.253689
0.186274
0.092307
0.058502
0.068727
0.037442
0.042471
0.047580
0.021013
0.017192
0.038432
0.048865
0.049728
0.094336
0.095964
0.065964
0.084880
0.274843
0.489567
0.390319
0.350641
0.483960
0.485068
0.460003
0.398346
0.323056
0.354791
0.347669
0.282577
0.325565
0.416819
0.322593
0.214515
0.479876
0.657642
0.463981
0.440670
0.639126
0.846527
0.967178
0.830557
0.609877
0.564198
0.789756
0.968916
0.756645
0.668587
0.860322
0.960480
0.961090
0.960443
0.961364
0.963154
0.929624
0.779504
0.793503
0.884420
0.732046
0.519604
0.646993
0.930744
