3201 1
0.014387
0.013565
0.010934
0.010214
0.012315
0.013313
0.012674
0.013602
0.014484
0.012447
0.008944
0.007097
0.008043
0.008478
0.006873
0.006729
0.008824
0.009049
0.008876
0.010122
0.011317
0.010166
0.005457
0.005021
0.008134
0.007568
0.005033
0.004751
0.006587
0.007112
0.005248
0.004277
0.006249
0.006528
0.004197
0.004226
0.006575
0.006167
0.003597
0.002769
0.003794
0.003779
0.002296
0.001482
0.002717
0.003179
0.002362
0.002130
0.004000
0.005988
0.005970
0.008529
0.012603
0.013006
0.010466
0.010359
0.012367
0.010761
0.006983
0.007358
0.009977
0.009549
0.006894
0.006270
0.006559
0.005543
0.004184
0.003891
0.005773
0.007394
0.009491
0.009921
0.009762
0.010027
0.010021
0.010540
0.010217
0.009187
0.008914
0.009235
0.009517
0.010995
0.011101
0.009520
0.010125
0.010359
0.010469
0.012346
0.012296
0.011004
0.012437
0.013861
0.012332
0.010508
0.011895
0.012811
0.012543
0.013934
0.015595
0.017484
0.017874
0.017790
0.018009
0.018077
0.017652
0.016465
0.015849
0.014654
0.012518
0.012317
0.012128
0.013327
0.015213
0.013781
0.014478
0.015474
0.013477
0.012528
0.013803
0.014484
0.014115
0.015019
0.014765
0.013931
0.014616
0.013132
0.011459
0.011066
0.013074
0.014368
0.009889
0.007221
0.012035
0.018261
0.021826
0.023709
0.022369
0.019024
0.019324
0.023289
0.022354
0.025687
0.030680
0.024991
0.019956
0.020221
0.019605
0.018221
0.017002
0.015644
0.016873
0.019327
0.017929
0.016072
0.016229
0.015248
0.014917
0.014976
0.012766
0.008769
0.007489
0.008250
0.008951
0.008661
0.007603
0.007800
0.008843
0.009616
0.008186
0.006813
0.009802
0.013025
0.013157
0.013358
0.014229
0.015395
0.014589
0.013531
0.014640
0.014657
0.014577
0.014960
0.011975
0.006991
0.007157
0.011049
0.011539
0.009738
0.009261
0.009405
0.009547
0.011093
0.013080
0.012764
0.010319
0.008409
0.009190
0.011686
0.012080
0.009768
0.007385
0.005718
0.005951
0.006996
0.007574
0.008357
0.008722
0.008238
0.008666
0.010954
0.011801
0.010436
0.009403
0.008411
0.008720
0.010993
0.012462
0.011879
0.011116
0.011339
0.016613
0.017335
0.010933
0.007676
0.005858
0.005171
0.007266
0.012364
0.015624
0.012429
0.010177
0.012696
0.011160
0.009811
0.012331
0.014868
0.016605
0.016629
0.015799
0.013794
0.009900
0.010134
0.014157
0.017383
0.017484
0.015359
0.014993
0.015254
0.015821
0.015675
0.015100
0.013327
0.012140
0.012437
0.013328
0.015725
0.018009
0.018556
0.018302
0.018428
0.018225
0.017360
0.016166
0.015101
0.015808
0.016792
0.015816
0.015441
0.015682
0.015147
0.014200
0.009612
0.006287
0.009465
0.012948
0.012914
0.012275
0.012792
0.012315
0.011715
0.011228
0.010582
0.010556
0.010685
0.011245
0.011222
0.011518
0.012641
0.012064
0.010378
0.009160
0.007686
0.008309
0.013902
0.018237
0.019881
0.022888
0.022350
0.020626
0.031803
0.037988
0.029186
0.022950
0.021307
0.017500
0.013848
0.014970
0.015319
0.011042
0.010527
0.013216
0.010784
0.011010
0.018263
0.041127
0.053673
0.038436
0.021638
0.015046
0.016835
0.019403
0.021406
0.020638
0.021653
0.028800
0.036446
0.040055
0.034348
0.027338
0.037591
0.050144
0.045155
0.028755
0.015617
0.009776
0.015862
0.023852
0.020903
0.021984
0.030596
0.037158
0.036791
0.028639
0.024452
0.018000
0.014578
0.020792
0.020657
0.012716
0.015593
0.024026
0.020965
0.016339
0.017078
0.028597
0.031298
0.021427
0.014269
0.017809
0.023300
0.014529
0.009363
0.009693
0.007326
0.006547
0.006467
0.006405
0.005202
0.008569
0.009626
0.018775
0.033633
0.032520
0.015838
0.014136
0.026765
0.024087
0.013571
0.007934
0.005917
0.006798
0.012140
0.028426
0.037562
0.022640
0.012136
0.019253
0.036359
0.041352
0.035392
0.033209
0.039911
0.053653
0.055108
0.048590
0.040782
0.036321
0.038795
0.042528
0.044665
0.029286
0.012088
0.010754
0.016686
0.012878
0.003331
0.004061
0.007290
0.009031
0.008186
0.008816
0.011073
0.007233
0.002788
0.004268
0.013381
0.022997
0.018404
0.008541
0.009169
0.016020
0.026601
0.050262
0.046841
0.021726
0.020159
0.026060
0.025987
0.019861
0.011817
0.007826
0.014453
0.022195
0.015593
0.011564
0.022554
0.025915
0.018017
0.033039
0.035187
0.013792
0.008581
0.010487
0.015317
0.015610
0.016916
0.025921
0.020415
0.005989
0.006665
0.014279
0.014617
0.013931
0.017740
0.022425
0.021873
0.016707
0.012770
0.013759
0.018560
0.018104
0.016225
0.014098
0.010618
0.013642
0.019514
0.021191
0.016150
0.009827
0.012370
0.015323
0.015238
0.010332
0.012548
0.014005
0.007539
0.011237
0.015188
0.016566
0.014979
0.015980
0.019426
0.015326
0.010266
0.013284
0.022897
0.027273
0.024323
0.021487
0.019855
0.019292
0.021383
0.022824
0.023649
0.025409
0.023079
0.017522
0.015387
0.021554
0.024990
0.018367
0.018468
0.023451
0.026603
0.025488
0.022942
0.021439
0.020496
0.021901
0.022299
0.022181
0.019747
0.021377
0.024300
0.024603
0.025040
0.025078
0.024210
0.024236
0.025948
0.026263
0.026199
0.031738
0.040190
0.045713
0.047863
0.048050
0.050654
0.055178
0.058602
0.061234
0.062441
0.063191
0.065236
0.065661
0.066253
0.071080
0.081703
0.090761
0.093009
0.097855
0.102203
0.104577
0.103760
0.104854
0.115198
0.122059
0.126279
0.132380
0.138874
0.139429
0.133857
0.125644
0.117515
0.106507
0.093970
0.079860
0.058792
0.047534
0.053570
0.055475
0.053621
0.053176
0.049240
0.032442
0.018653
0.019916
0.018971
0.029951
0.038121
0.045880
0.054579
0.056724
0.063423
0.064895
0.067660
0.072256
0.068675
0.071414
0.070414
0.070143
0.069091
0.073379
0.076704
0.077115
0.076023
0.066066
0.060821
0.049005
0.042013
0.033157
0.024837
0.021211
0.015051
0.014743
0.019892
0.054228
0.151105
0.251702
0.294034
0.354170
0.429703
0.528716
0.707168
0.758038
0.638684
0.468407
0.614527
0.912669
0.965241
0.926959
0.927515
0.926836
0.929215
0.973452
0.973081
0.971939
0.971053
0.956526
0.804947
0.577880
0.429754
0.323294
0.231348
0.129444
0.133760
0.208456
0.212737
0.211997
0.327585
0.406791
0.331051
0.217875
0.170520
0.283669
0.304213
0.379748
0.383598
0.215832
0.206227
0.223971
0.278096
0.263412
0.222030
0.183670
0.083772
0.087250
0.158338
0.180844
0.148920
0.149709
0.137957
0.072364
0.057246
0.045894
0.034550
0.051975
0.054292
0.073316
0.078200
0.056349
0.048631
0.051701
0.062793
0.063372
0.062350
0.069426
0.058297
0.056556
0.055202
0.057426
0.073099
0.057745
0.035073
0.064472
0.086508
0.063143
0.071695
0.104867
0.116186
0.119459
0.108881
0.070104
0.049903
0.073698
0.068136
0.041612
0.061634
0.067092
0.047696
0.051588
0.062284
0.070649
0.076355
0.076543
0.087889
0.089437
0.078089
0.055583
0.048800
0.072909
0.072236
0.071576
0.094871
0.083362
0.110000
0.115989
0.110825
0.120068
0.087076
0.121398
0.173570
0.122891
0.054560
0.079716
0.137318
0.128278
0.083690
0.074772
0.061336
0.063001
0.119784
0.138282
0.267842
0.349655
0.252082
0.279857
0.282639
0.364353
0.362453
0.242712
0.213419
0.204977
0.308171
0.315734
0.311081
0.275038
0.161106
0.149945
0.146677
0.121823
0.234988
0.353393
0.214935
0.089176
0.160895
0.208222
0.281820
0.256011
0.160116
0.179276
0.218484
0.464614
0.641131
0.785037
0.868186
0.675716
0.475700
0.247060
0.109365
0.101422
0.126041
0.158212
0.168109
0.301036
0.384713
0.388192
0.314480
0.287759
0.241895
0.179197
0.226348
0.254940
0.324132
0.208152
0.380745
0.619635
0.391714
0.254920
0.233001
0.235295
0.317106
0.301226
0.325113
0.548241
0.482765
0.219653
0.276887
0.299597
0.254150
0.300115
0.212783
0.262321
0.298559
0.176060
0.154481
0.196269
0.445382
0.445127
0.377528
0.485010
0.343520
0.226999
0.241343
0.300312
0.278394
0.198732
0.179127
0.180780
0.159750
0.159493
0.223867
0.306098
0.425079
0.466084
0.564698
0.724664
0.624214
0.447134
0.467188
0.549212
0.385786
0.387931
0.489709
0.284897
0.130587
0.132524
0.234835
0.359261
0.400543
0.520628
0.728421
0.525144
0.405715
0.476177
0.545506
0.393382
0.155899
0.431653
0.707500
0.546120
0.253264
0.411983
0.470910
0.463733
0.433344
0.201978
0.257263
0.216910
0.136433
0.166652
0.118714
0.163087
0.257842
0.302376
0.355624
0.226221
0.290500
0.421597
0.550623
0.572915
0.278331
0.355625
0.398934
0.248398
0.334424
0.312703
0.175947
0.216343
0.580569
0.787586
0.497858
0.212452
0.091379
0.412977
0.597283
0.345286
0.204252
0.146638
0.294707
0.438583
0.447999
0.312035
0.091116
0.239389
0.470440
0.554870
0.429849
0.159868
0.124629
0.198001
0.318617
0.271005
0.126905
0.191893
0.299589
0.360378
0.320420
0.231873
0.167839
0.145906
0.202415
0.228346
0.192431
0.272023
0.263230
0.179428
0.166197
0.159508
0.168696
0.111668
0.168921
0.273485
0.209103
0.151725
0.173049
0.211723
0.297611
0.234370
0.206577
0.255196
0.138609
0.205914
0.381192
0.505041
0.418885
0.219675
0.236452
0.433034
0.566877
0.566411
0.388551
0.168938
0.225871
0.341086
0.339822
0.195289
0.127159
0.163337
0.434208
0.607103
0.496068
0.351255
0.225004
0.194050
0.203190
0.236175
0.172917
0.183817
0.211923
0.132625
0.384701
0.493815
0.310676
0.339894
0.448465
0.406055
0.270183
0.391006
0.406133
0.364050
0.460859
0.473486
0.319568
0.213182
0.284485
0.431214
0.385263
0.247620
0.262027
0.177300
0.345525
0.621046
0.509159
0.307809
0.262704
0.299670
0.229867
0.316114
0.483888
0.521007
0.384830
0.255055
0.315179
0.256542
0.203123
0.518514
0.751874
0.628917
0.406873
0.333700
0.357002
0.193614
0.213002
0.395068
0.514597
0.412086
0.253783
0.242166
0.158435
0.145097
0.529776
0.562537
0.402283
0.433805
0.272958
0.221270
0.184978
0.160206
0.470069
0.549477
0.323033
0.212744
0.251311
0.268063
0.159491
0.134765
0.170038
0.414696
0.505847
0.430768
0.339268
0.289653
0.345166
0.335024
0.322549
0.184953
0.068562
0.168075
0.265123
0.303918
0.213650
0.233346
0.315575
0.253567
0.207976
0.116307
0.083660
0.217600
0.182322
0.041680
0.075438
0.203865
0.255972
0.217683
0.217206
0.160614
0.102276
0.149913
0.199646
0.110466
0.038940
0.111217
0.218267
0.202738
0.150201
0.238272
0.196543
0.066424
0.080172
0.145338
0.113865
0.028288
0.046686
0.153430
0.214526
0.191102
0.196828
0.175308
0.099081
0.091584
0.095477
0.102542
0.149043
0.125078
0.107157
0.088701
0.060926
0.071433
0.101208
0.131446
0.141637
0.192491
0.298601
0.277701
0.160574
0.174481
0.207228
0.134761
0.088318
0.167112
0.288555
0.224601
0.181582
0.202764
0.139651
0.132988
0.161735
0.187229
0.144081
0.076989
0.059328
0.100888
0.237360
0.273045
0.203200
0.148532
0.079806
0.056064
0.082764
0.205405
0.248400
0.137655
0.055136
0.054649
0.052562
0.135680
0.318877
0.304629
0.173611
0.113396
0.100535
0.071159
0.047886
0.070602
0.154367
0.226924
0.203054
0.123538
0.072537
0.071562
0.089514
0.187055
0.194042
0.138008
0.120111
0.081632
0.050382
0.033172
0.071629
0.110385
0.160320
0.176830
0.149063
0.138411
0.228678
0.339153
0.296706
0.265159
0.210904
0.145306
0.117114
0.135641
0.134203
0.084008
0.126583
0.152425
0.110134
0.117926
0.170371
0.159158
0.143391
0.141876
0.148532
0.205979
0.295928
0.237607
0.337286
0.484098
0.354204
0.198270
0.142057
0.168454
0.163268
0.122332
0.109722
0.125631
0.173670
0.250347
0.201427
0.105549
0.064236
0.038610
0.028123
0.059928
0.062376
0.068913
0.179135
0.371506
0.323930
0.113477
0.126647
0.141720
0.111701
0.175247
0.139985
0.085936
0.126425
0.100978
0.105698
0.141497
0.114923
0.098701
0.246932
0.441713
0.312710
0.107269
0.201402
0.226865
0.174052
0.201144
0.153475
0.099397
0.078742
0.079455
0.106177
0.136758
0.107956
0.082191
0.067038
0.056749
0.060667
0.043405
0.025830
0.027845
0.079129
0.106607
0.250131
0.313806
0.166392
0.132512
0.204932
0.195832
0.117706
0.097312
0.074629
0.121866
0.132952
0.050004
0.046456
0.098121
0.132282
0.100359
0.067509
0.060146
0.038812
0.021730
0.008455
0.007122
0.010897
0.014437
0.012703
0.016520
0.033642
0.051045
0.060313
0.068305
0.071284
0.064101
0.061443
0.068350
0.077928
0.086608
0.093514
0.097429
0.096101
0.086865
0.092962
0.083207
0.076826
0.121892
0.130414
0.083726
0.106883
0.133022
0.126552
0.147632
0.112513
0.089275
0.120004
0.095995
0.036979
0.031995
0.038280
0.022015
0.014248
0.025221
0.040925
0.038624
0.028593
0.019477
0.011270
0.008938
0.009063
0.009981
0.017794
0.027575
0.031199
0.029017
0.029620
0.031230
0.034105
0.039007
0.032707
0.025559
0.025962
0.025766
0.022969
0.021026
0.020213
0.018348
0.013708
0.016131
0.015009
0.009330
0.009396
0.007689
0.006716
0.006721
0.006317
0.007898
0.012155
0.016246
0.018509
0.015097
0.018258
0.016422
0.010343
0.011064
0.008449
0.007424
0.007961
0.008346
0.007716
0.008601
0.009029
0.009295
0.009265
0.007762
0.006788
0.006992
0.010298
0.012192
0.013309
0.011668
0.022637
0.034849
0.034996
0.033043
0.024276
0.015334
0.008538
0.007572
0.007862
0.006830
0.006168
0.007798
0.008171
0.007033
0.012713
0.022875
0.023763
0.019940
0.014180
0.006892
0.005990
0.007783
0.009871
0.009220
0.007289
0.009619
0.017335
0.014539
0.007054
0.007217
0.010039
0.012863
0.012428
0.014296
0.020256
0.017492
0.010291
0.008226
0.014561
0.015680
0.013010
0.031623
0.032502
0.016804
0.069137
0.117509
0.117758
0.330591
0.511950
0.533267
0.320936
0.059417
0.088648
0.101531
0.046581
0.020755
0.050215
0.091646
0.112885
0.090645
0.066035
0.064956
0.068427
0.103142
0.128410
0.111390
0.103231
0.063543
0.044062
0.062901
0.042417
0.052530
0.073686
0.110871
0.191993
0.321305
0.386225
0.254639
0.206200
0.234589
0.297907
0.282859
0.140810
0.191241
0.276513
0.189154
0.115659
0.365735
0.544517
0.333537
0.125940
0.084445
0.104754
0.158273
0.145115
0.072545
0.049821
0.112137
0.177619
0.167579
0.143506
0.129514
0.136689
0.109835
0.077734
0.113240
0.220157
0.233389
0.218755
0.209589
0.196063
0.168157
0.081523
0.033429
0.041761
0.058886
0.044859
0.040302
0.100251
0.152696
0.112516
0.199786
0.219672
0.068287
0.032996
0.042136
0.076389
0.084204
0.030613
0.076103
0.176040
0.130626
0.105428
0.165052
0.227256
0.271473
0.376088
0.493844
0.380034
0.176379
0.085998
0.316325
0.481869
0.491882
0.563223
0.643029
0.518494
0.244630
0.249268
0.362864
0.626436
0.692400
0.436781
0.594681
0.702871
0.457780
0.319099
0.341433
0.435300
0.291425
0.149462
0.118829
0.100543
0.131775
0.070812
0.060506
0.125206
0.150826
0.152538
0.192770
0.309193
0.416618
0.261992
0.086603
0.266420
0.523312
0.548737
0.432172
0.413355
0.454171
0.475184
0.475804
0.432159
0.415913
0.420386
0.401749
0.390860
0.352891
0.349719
0.348974
0.347827
0.415395
0.421152
0.348422
0.239050
0.166602
0.141997
0.105670
0.083514
0.055265
0.046844
0.122347
0.198590
0.229805
0.278749
0.309984
0.305543
0.281033
0.252308
0.257620
0.252981
0.247983
0.447969
0.587452
0.495157
0.329359
0.438959
0.758469
0.727191
0.703946
0.819622
0.874220
0.880251
0.607761
0.303291
0.230364
0.310947
0.273885
0.351352
0.454237
0.410887
0.497841
0.742111
0.963063
0.876145
0.497712
0.274026
0.608774
0.912755
0.943612
0.926238
0.940193
0.958834
0.820089
0.820015
0.767453
0.553018
0.555033
0.767221
0.795150
0.445079
0.395612
0.498046
0.447803
0.275304
0.116086
0.134709
0.140552
0.094090
0.098721
0.179845
0.256072
0.284792
0.283609
0.307942
0.346511
0.363127
0.342136
0.323659
0.296821
0.229401
0.174379
0.174359
0.152365
0.143046
0.139565
0.093257
0.152292
0.262214
0.304456
0.280901
0.318438
0.328024
0.198572
0.162652
0.202938
0.172337
0.190039
0.198419
0.182434
0.265039
0.215524
0.259272
0.397008
0.318208
0.290473
0.327052
0.277289
0.186190
0.207669
0.303622
0.353460
0.386617
0.246951
0.195218
0.283738
0.233477
0.173087
0.151269
0.148955
0.141452
0.120798
0.090760
0.064401
0.059271
0.056291
0.041634
0.025436
0.023320
0.037454
0.042277
0.031648
0.018470
0.012461
0.020625
0.022071
0.021443
0.028640
0.042195
0.052410
0.043995
0.049449
0.073184
0.082260
0.072139
0.060039
0.056698
0.057811
0.047576
0.029926
0.016950
0.013524
0.018817
0.033414
0.033599
0.043302
0.067510
0.064610
0.043795
0.038415
0.035144
0.059835
0.086058
0.045050
0.012863
0.048691
0.080026
0.060760
0.039747
0.027473
0.024116
0.024346
0.017065
0.019422
0.029179
0.029358
0.022808
0.012844
0.007571
0.007407
0.013486
0.015655
0.016399
0.015372
0.015314
0.020566
0.019473
0.015488
0.011461
0.008767
0.008953
0.007207
0.006672
0.010947
0.010355
0.008897
0.009341
0.011800
0.018948
0.020869
0.020660
0.017713
0.012109
0.010216
0.009781
0.006637
0.008602
0.013719
0.019399
0.019024
0.012584
0.013399
0.017014
0.016627
0.015932
0.012656
0.009496
0.016576
0.019089
0.020953
0.029229
0.033539
0.038391
0.045959
0.046783
0.043587
0.042556
0.036548
0.030135
0.032057
0.036558
0.034014
0.028717
0.028298
0.028862
0.028701
0.029204
0.033212
0.036009
0.034263
0.032943
0.031783
0.026228
0.025730
0.032866
0.033914
0.030784
0.028925
0.036700
0.046805
0.048934
0.048498
0.049940
0.052188
0.050305
0.050993
0.053149
0.051355
0.045572
0.044366
0.050707
0.052506
0.052636
0.051763
0.042293
0.034987
0.034212
0.040269
0.043646
0.038361
0.021776
0.005904
0.005546
0.010087
0.017382
0.024228
0.025489
0.022576
0.021879
0.034792
0.041985
0.031851
0.028654
0.022232
0.010084
0.008023
0.010297
0.012672
0.015157
0.017480
0.020174
0.019196
0.015441
0.013013
0.013826
0.012347
0.007940
0.007627
0.011543
0.012616
0.011554
0.012264
0.017080
0.026734
0.027217
0.035195
0.044626
0.037290
0.030495
0.030006
0.037844
0.043572
0.040906
0.036152
0.035931
0.033139
0.033446
0.028510
0.018504
0.018046
0.015708
0.010023
0.014171
0.025945
0.023418
0.022319
0.022494
0.029640
0.068617
0.097617
0.081910
0.046865
0.027693
0.044129
0.072297
0.061446
0.025463
0.008722
0.020343
0.036390
0.042458
0.076721
0.135529
0.177403
0.216670
0.229101
0.207364
0.195496
0.181107
0.160132
0.153096
0.157605
0.155739
0.147129
0.136447
0.121447
0.106209
0.088102
0.066410
0.057557
0.058498
0.053499
0.045472
0.046062
0.048335
0.046421
0.042135
0.037315
0.034277
0.030773
0.029179
0.025750
0.029662
0.040214
0.042195
0.042064
0.047627
0.044909
0.039096
0.032630
0.029206
0.052782
0.085523
0.099330
0.088618
0.067915
0.061049
0.069090
0.050099
0.017313
0.006792
0.008835
0.016747
0.015355
0.006763
0.004074
0.006376
0.012742
0.021264
0.024600
0.024599
0.028829
0.031670
0.031704
0.035297
0.035872
0.032034
0.028310
0.031123
0.046549
0.068781
0.080468
0.079686
0.079738
0.079734
0.076617
0.072276
0.066957
0.063384
0.062288
0.061734
0.061756
0.059361
0.053186
0.043900
0.036474
0.034422
0.034147
0.033752
0.029711
0.026362
0.018067
0.007479
0.007419
0.011297
0.010977
0.005449
0.002893
0.003664
0.006996
0.014210
0.014518
0.012128
0.011723
0.008537
0.005376
0.007808
0.019706
0.033611
0.041830
0.047336
0.051500
0.053479
0.053734
0.053306
0.049764
0.040225
0.025303
0.011440
0.010626
0.014682
0.010976
0.006518
0.007281
0.010846
0.009594
0.004441
0.005068
0.008352
0.016866
0.029272
0.038933
0.047370
0.057549
0.070867
0.077947
0.078124
0.080549
0.087980
0.097812
0.106773
0.114871
0.119056
0.122976
0.129670
0.134797
0.136895
0.135105
0.133193
0.128475
0.117575
0.107744
0.102992
0.099861
0.096487
0.093669
0.092352
0.091663
0.090704
0.088302
0.086448
0.087029
0.085151
0.077917
0.063712
0.041412
0.032112
0.055571
0.048293
0.053210
0.093113
0.119966
0.109707
0.126873
0.171981
0.096020
0.062957
0.073828
0.041755
0.031261
0.025008
0.030471
0.101811
0.136665
0.073330
0.033806
0.023638
0.046384
0.124741
0.117385
0.105069
0.114991
0.121325
0.174623
0.147855
0.133448
0.143777
0.125518
0.086605
0.050461
0.056037
0.055728
0.114901
0.147112
0.076538
0.044762
0.042392
0.037714
0.042386
0.072566
0.066398
0.047896
0.059282
0.038256
0.027122
0.030143
0.029755
0.071541
0.117156
0.111371
0.091347
0.076394
0.084155
0.089400
0.057479
0.055290
0.059689
0.050899
0.038891
0.026809
0.027574
0.029412
0.031561
0.033678
0.033229
0.028313
0.028276
0.028652
0.025285
0.024982
0.027876
0.030101
0.030970
0.033107
0.033729
0.032600
0.029233
0.028244
0.027833
0.023795
0.021240
0.018013
0.015691
0.012763
0.010539
0.009518
0.008406
0.006884
0.003885
0.002786
0.002623
0.002378
0.002031
0.001874
0.002338
0.003081
0.003964
0.005257
0.005884
0.005747
0.005030
0.004719
0.007279
0.008502
0.010238
0.013756
0.015933
0.016784
0.015304
0.014157
0.013388
0.011398
0.009152
0.005055
0.003448
0.005568
0.006031
0.006834
0.009056
0.010770
0.011763
0.013455
0.015780
0.015405
0.012938
0.011403
0.010943
0.010000
0.008317
0.008989
0.011139
0.012291
0.010421
0.008282
0.005998
0.004029
0.005997
0.007702
0.007642
0.008047
0.009020
0.010967
0.014078
0.016059
0.014342
0.011675
0.012241
0.015030
0.016890
0.020013
0.023048
0.025453
0.032046
0.043799
0.054636
0.058056
0.054366
0.047045
0.040843
0.034225
0.023363
0.017642
0.017081
0.015188
0.008788
0.002067
0.001901
0.002761
0.003652
0.006943
0.009740
0.008644
0.006363
0.004878
0.004284
0.009064
0.017824
0.023684
0.027347
0.029054
0.029696
0.029865
0.030790
0.031106
0.031244
0.032515
0.034238
0.041177
0.049787
0.053413
0.051719
0.044654
0.034475
0.027345
0.022787
0.017828
0.014723
0.011170
0.007203
0.003896
0.002379
0.006440
0.011098
0.009017
0.007507
0.014134
0.021661
0.024919
0.028352
0.029589
0.028425
0.028123
0.026562
0.026153
0.028979
0.032912
0.034346
0.034072
0.034554
0.035174
0.035892
0.035483
0.033781
0.031640
0.028917
0.029273
0.031231
0.031745
0.034764
0.038012
0.037555
0.033603
0.029143
0.026478
0.023218
0.020546
0.020574
0.024683
0.029432
0.029337
0.030723
0.034062
0.035054
0.035074
0.036602
0.041590
0.048452
0.054427
0.056554
0.060492
0.066261
0.066970
0.065045
0.073410
0.075069
0.072150
0.065356
0.048004
0.044331
0.042114
0.032384
0.023301
0.015194
0.006495
0.002685
0.003586
0.006021
0.010886
0.015637
0.019313
0.020878
0.018976
0.017162
0.016693
0.017540
0.020153
0.021719
0.021707
0.023067
0.025587
0.027931
0.032415
0.037619
0.044712
0.050568
0.053089
0.054089
0.051594
0.049492
0.046512
0.042272
0.041833
0.044033
0.044342
0.042380
0.040189
0.035706
0.030570
0.030750
0.034252
0.037288
0.036103
0.033074
0.036826
0.061906
0.096309
0.101423
0.069731
0.076740
0.123442
0.151544
0.213508
0.236630
0.184696
0.176945
0.170521
0.120097
0.081643
0.074981
0.066703
0.033755
0.014467
0.017995
0.031535
0.048538
0.070879
0.155707
0.269897
0.388413
0.522640
0.587505
0.528948
0.407858
0.289605
0.191055
0.133043
0.120872
0.164710
0.213040
0.177164
0.102968
0.080972
0.133230
0.267978
0.493330
0.499064
0.233438
0.127218
0.273895
0.283623
0.170537
0.125471
0.108940
0.281383
0.391631
0.386674
0.430419
0.368204
0.269246
0.215745
0.188292
0.191145
0.187344
0.160108
0.115409
0.084333
0.077626
0.072716
0.063871
0.052565
0.040517
0.047370
0.100206
0.093780
0.050472
0.055043
0.045856
0.030027
0.028504
0.042855
0.086598
0.138159
0.099936
0.035894
0.017388
0.013325
0.011840
0.024146
0.037603
0.057192
0.092703
0.089897
0.051779
0.029841
0.041796
0.128370
0.333085
0.391177
0.340426
0.333282
0.397788
0.375893
0.251529
0.151288
0.046408
0.026092
0.082688
0.293318
0.448627
0.431203
0.403255
0.411348
0.439973
0.336876
0.130768
0.026727
0.025374
0.083356
0.213135
0.423214
0.540137
0.492904
0.591280
0.843306
0.968411
0.979211
0.976717
0.976005
0.976916
0.979307
0.980242
0.974594
0.759850
0.632858
0.846301
0.976829
0.974024
0.975106
0.974429
0.963379
0.955332
0.962580
0.978165
0.989572
0.989369
0.974392
0.962953
0.960714
0.960445
0.960683
0.963094
0.896528
0.871010
0.904485
0.744409
0.483572
0.380895
0.334538
0.239349
0.156038
0.101546
0.061718
0.049624
0.092351
0.134026
0.135920
0.070196
0.061997
0.165356
0.253648
0.253844
0.203651
0.203205
0.269818
0.322936
0.294017
0.271381
0.302332
0.371735
0.463249
0.470206
0.383752
0.289568
0.148741
0.223721
0.676699
0.806312
0.556744
0.420110
0.295622
0.119735
0.032680
0.050171
0.056101
0.117523
0.131497
0.089926
0.109529
0.072676
0.035153
0.086467
0.131567
0.130918
0.128259
0.073072
0.038118
0.074146
0.136111
0.198362
0.231359
0.197326
0.135785
0.137302
0.163480
0.192789
0.276823
0.351180
0.354968
0.351722
0.337715
0.327717
0.369507
0.405429
0.470081
0.517889
0.459022
0.270371
0.160443
0.420454
0.781219
0.907943
0.873072
0.808020
0.847143
0.707972
0.447337
0.382861
0.356093
0.356331
0.376452
0.373368
0.378936
0.416127
0.398226
0.345684
0.325913
0.327917
0.299581
0.253316
0.258426
0.290942
0.326591
0.331423
0.332538
0.283969
0.139139
0.135050
0.299053
0.304508
0.155012
0.069049
0.099454
0.376627
0.611236
0.449603
0.282201
0.257536
0.226623
0.181663
0.119489
0.073204
0.050840
0.066207
0.100935
0.127214
0.181569
0.211089
0.300871
0.535440
0.802011
0.961996
0.985213
0.994579
0.994625
0.989409
0.804880
0.684063
0.842841
0.948583
0.959410
0.964054
0.965393
0.964254
0.962127
0.963912
0.967786
0.965820
0.968707
0.977612
0.976316
0.963713
0.953754
0.950691
0.951200
0.956861
0.969905
0.980533
0.978357
0.975321
0.971435
0.962205
0.962239
0.974065
0.983017
0.978719
0.960213
0.918756
0.922954
0.961353
0.966706
0.967747
0.968908
0.968255
0.965593
0.929757
0.722483
0.539515
0.550618
0.597789
0.684576
0.831771
0.754052
0.640141
0.599537
0.408553
0.256662
0.287591
0.294876
0.237244
0.234643
0.157653
0.153200
0.158060
0.318121
0.526922
0.500152
0.399365
0.243874
0.165350
0.173134
0.196370
0.538534
0.622532
0.291525
0.194824
0.169244
0.231622
0.488291
0.815432
0.971530
0.969530
0.955978
0.953991
0.942812
0.884824
0.799192
0.716322
0.524788
0.313534
0.359781
0.570760
0.638751
0.600438
0.739097
0.689638
0.448249
0.400694
0.368612
0.274846
0.199661
0.169848
0.167538
0.194368
0.203301
0.155464
0.081834
0.052001
0.059870
0.042891
0.016143
0.050078
0.078514
0.092691
0.102806
0.137931
0.180101
0.111705
0.083403
0.128424
0.188718
0.184757
0.482461
0.893916
0.965480
0.969183
0.967716
0.963233
0.917831
0.841280
0.882048
0.959064
0.961009
0.958508
0.955561
0.955522
0.808407
0.371310
0.079048
0.071517
0.135224
0.223981
0.322688
0.301644
0.204195
0.203112
0.210645
0.181077
0.211839
0.331208
0.354080
0.622669
0.956155
0.994999
0.991184
0.994853
1.006373
1.015246
1.017964
1.011053
0.818180
0.592189
0.605914
0.658519
0.613705
0.530393
0.475230
0.492844
0.572883
0.453318
0.380643
0.482062
0.548064
0.639088
0.688038
0.708429
0.640594
0.600039
0.611300
0.574229
0.530398
0.503018
0.526749
0.558827
0.548397
0.627030
0.759808
0.799724
0.802404
0.775647
0.707582
0.672145
0.685913
0.671805
0.638345
0.585441
0.505510
0.455842
0.385056
0.264462
0.262510
0.628267
0.938799
0.941939
0.945624
0.948130
0.948578
0.905939
0.781764
0.626408
0.488270
0.370025
0.316978
0.394762
0.457529
0.426963
0.485285
0.510313
0.410642
0.335846
0.329692
0.390872
0.404612
0.340651
0.281484
0.248307
0.235996
0.234730
0.239910
0.159420
0.072945
0.126187
0.175501
0.184713
0.227562
0.293484
0.363422
0.382204
0.373687
0.415923
0.331211
0.154996
0.061046
0.061339
0.081700
0.129879
0.149326
0.102748
0.070396
0.023428
0.009392
0.011333
0.032137
0.122254
0.220874
0.254943
0.259256
0.254001
0.259230
0.289130
0.318742
0.292985
0.251449
0.211898
0.168135
0.201283
0.280485
0.306582
0.295753
0.278991
0.289853
0.307169
0.203330
0.079544
0.081329
0.120432
0.108868
0.078868
0.091475
0.079576
0.029694
0.018390
0.051612
0.086925
0.089980
0.066310
0.061138
0.088211
0.063145
0.020612
0.016227
0.013430
0.018945
0.060888
0.115931
0.102632
0.101374
0.095853
0.063969
0.079474
0.174158
0.281710
0.324887
0.350756
0.332649
0.268490
0.197012
0.141036
0.091627
0.046698
0.032831
0.026547
0.017304
0.026161
0.020745
0.010204
0.016544
0.022913
0.040219
0.087821
0.079736
0.072408
0.112104
0.097387
0.080063
0.125079
0.137919
0.226243
0.315962
0.275131
0.266843
0.298594
0.313469
0.288213
0.245527
0.203216
0.188917
0.198835
0.202553
0.173212
0.108098
0.043138
0.023327
0.023663
0.035252
0.057832
0.059540
0.083055
0.115887
0.104433
0.069429
0.040960
0.030052
0.020776
0.012818
0.027482
0.037468
0.029565
0.034989
0.060049
0.084609
0.077038
0.051564
0.031947
0.019159
0.009685
0.004601
0.005371
0.008725
0.019011
0.027898
0.026440
0.027544
0.045195
0.054723
0.050488
0.043564
0.050998
0.077211
0.061303
0.019963
0.011526
0.027432
0.042413
0.074308
0.133846
0.171430
0.159227
0.104174
0.053799
0.044831
0.039720
0.063420
0.104867
0.105273
0.075107
0.050331
0.059112
0.046864
0.037413
0.137053
0.334505
0.486015
0.496283
0.429439
0.422816
0.502134
0.562909
0.540679
0.436502
0.300995
0.252060
0.217469
0.267603
0.433646
0.486426
0.450457
0.435394
0.500783
0.566209
0.550954
0.494126
0.450666
0.438047
0.437870
0.448631
0.486213
0.502343
0.465263
0.435840
0.426343
0.313598
0.215563
0.267676
0.324536
0.327582
0.325782
0.372793
0.445087
0.439113
0.323758
0.265305
0.306679
0.330455
0.315153
0.290705
0.256160
0.237629
0.252316
0.282801
0.337137
0.407079
0.456648
0.472507
0.467254
0.443081
0.406235
0.362331
0.290980
0.202365
0.125903
0.058232
0.054826
0.135522
0.386353
0.641381
0.721136
0.735952
0.757187
0.750959
0.665851
0.568934
0.486392
0.416125
0.362051
0.327348
0.341629
0.427326
0.490732
0.503190
0.568265
0.809695
0.989305
0.920822
0.508201
0.481391
0.895818
0.991805
0.992783
0.992477
0.990705
0.989450
0.989407
0.989393
0.933803
0.700190
0.408315
0.601772
0.816686
0.529022
0.280706
0.272518
0.484602
0.517215
0.674797
0.986127
1.002906
0.999197
0.996718
0.986750
0.979017
0.956498
0.897021
0.889892
0.859727
0.646724
0.290815
0.136317
0.567659
0.954569
0.956148
0.954625
0.956399
0.959731
0.961081
0.961665
0.962083
0.961952
0.962355
0.962127
0.961537
0.960456
0.958386
0.957873
0.959442
0.961489
0.962405
0.961288
0.960478
0.961691
0.963128
0.964677
0.965826
0.965449
0.963182
0.961051
0.959652
0.900882
0.829834
0.768451
0.695629
0.665757
0.632899
0.702083
0.879730
0.962397
0.965754
0.953975
0.894418
0.841451
0.797780
0.736192
0.652709
0.570041
0.583278
0.555091
0.451802
0.383847
0.390629
0.517154
0.760320
0.948478
0.985222
0.988165
0.989223
0.988801
0.988211
